&FCI
NORB=16,
NELEC=10,
MS2=0,
UHF=.FALSE.,
ORBSYM=1,1,1,1,1,1,1,1,1,1,1,1,1,1,1,1,
&END
( 4.00000000e+00,  0.00000000e+00)   1   1   1   1
( 4.00000000e+00,  0.00000000e+00)   2   2   2   2
( 4.00000000e+00,  0.00000000e+00)   3   3   3   3
( 4.00000000e+00,  0.00000000e+00)   4   4   4   4
( 4.00000000e+00,  0.00000000e+00)   5   5   5   5
( 4.00000000e+00,  0.00000000e+00)   6   6   6   6
( 4.00000000e+00,  0.00000000e+00)   7   7   7   7
( 4.00000000e+00,  0.00000000e+00)   8   8   8   8
( 4.00000000e+00,  0.00000000e+00)   9   9   9   9
( 4.00000000e+00,  0.00000000e+00)  10  10  10  10
( 4.00000000e+00,  0.00000000e+00)  11  11  11  11
( 4.00000000e+00,  0.00000000e+00)  12  12  12  12
( 4.00000000e+00,  0.00000000e+00)  13  13  13  13
( 4.00000000e+00,  0.00000000e+00)  14  14  14  14
( 4.00000000e+00,  0.00000000e+00)  15  15  15  15
( 4.00000000e+00,  0.00000000e+00)  16  16  16  16
(-1.00000000e+00,  0.00000000e+00)   1   2   0   0
(-9.99506560e-01, -3.14107591e-02)   1   4   0   0
(-1.00000000e+00,  0.00000000e+00)   1   5   0   0
(-9.99506560e-01,  3.14107591e-02)   1  13   0   0
(-1.00000000e+00,  0.00000000e+00)   2   3   0   0
(-1.00000000e+00,  0.00000000e+00)   2   6   0   0
(-9.99506560e-01,  3.14107591e-02)   2  14   0   0
(-1.00000000e+00,  0.00000000e+00)   3   4   0   0
(-1.00000000e+00,  0.00000000e+00)   3   7   0   0
(-9.99506560e-01,  3.14107591e-02)   3  15   0   0
(-1.00000000e+00,  0.00000000e+00)   4   8   0   0
(-9.99506560e-01,  3.14107591e-02)   4  16   0   0
(-1.00000000e+00,  0.00000000e+00)   5   6   0   0
(-9.99506560e-01, -3.14107591e-02)   5   8   0   0
(-1.00000000e+00,  0.00000000e+00)   5   9   0   0
(-1.00000000e+00,  0.00000000e+00)   6   7   0   0
(-1.00000000e+00,  0.00000000e+00)   6  10   0   0
(-1.00000000e+00,  0.00000000e+00)   7   8   0   0
(-1.00000000e+00,  0.00000000e+00)   7  11   0   0
(-1.00000000e+00,  0.00000000e+00)   8  12   0   0
(-1.00000000e+00,  0.00000000e+00)   9  10   0   0
(-9.99506560e-01, -3.14107591e-02)   9  12   0   0
(-1.00000000e+00,  0.00000000e+00)   9  13   0   0
(-1.00000000e+00,  0.00000000e+00)  10  11   0   0
(-1.00000000e+00,  0.00000000e+00)  10  14   0   0
(-1.00000000e+00,  0.00000000e+00)  11  12   0   0
(-1.00000000e+00,  0.00000000e+00)  11  15   0   0
(-1.00000000e+00,  0.00000000e+00)  12  16   0   0
(-1.00000000e+00,  0.00000000e+00)  13  14   0   0
(-9.99506560e-01, -3.14107591e-02)  13  16   0   0
(-1.00000000e+00,  0.00000000e+00)  14  15   0   0
(-1.00000000e+00,  0.00000000e+00)  15  16   0   0
( 0.00000000e+00,  0.00000000e+00)   0   0   0   0
