&FCI
NORB=9,
NELEC=2,
MS2=0,
UHF=.FALSE.,
ORBSYM=1,1,1,1,1,1,1,1,1,
&END
( 4.00000000e+00,  0.00000000e+00)   1   1   1   1
( 4.00000000e+00,  0.00000000e+00)   2   2   2   2
( 4.00000000e+00,  0.00000000e+00)   3   3   3   3
( 4.00000000e+00,  0.00000000e+00)   4   4   4   4
( 4.00000000e+00,  0.00000000e+00)   5   5   5   5
( 4.00000000e+00,  0.00000000e+00)   6   6   6   6
( 4.00000000e+00,  0.00000000e+00)   7   7   7   7
( 4.00000000e+00,  0.00000000e+00)   8   8   8   8
( 4.00000000e+00,  0.00000000e+00)   9   9   9   9
(-1.00000000e+00,  0.00000000e+00)   1   2   0   0
(-9.99506560e-01, -3.14107591e-02)   1   3   0   0
(-1.00000000e+00,  0.00000000e+00)   1   4   0   0
(-9.99506560e-01,  3.14107591e-02)   1   7   0   0
(-1.00000000e+00,  0.00000000e+00)   2   3   0   0
(-1.00000000e+00,  0.00000000e+00)   2   5   0   0
(-9.99506560e-01,  3.14107591e-02)   2   8   0   0
(-1.00000000e+00,  0.00000000e+00)   3   6   0   0
(-9.99506560e-01,  3.14107591e-02)   3   9   0   0
(-1.00000000e+00,  0.00000000e+00)   4   5   0   0
(-9.99506560e-01, -3.14107591e-02)   4   6   0   0
(-1.00000000e+00,  0.00000000e+00)   4   7   0   0
(-1.00000000e+00,  0.00000000e+00)   5   6   0   0
(-1.00000000e+00,  0.00000000e+00)   5   8   0   0
(-1.00000000e+00,  0.00000000e+00)   6   9   0   0
(-1.00000000e+00,  0.00000000e+00)   7   8   0   0
(-9.99506560e-01, -3.14107591e-02)   7   9   0   0
(-1.00000000e+00,  0.00000000e+00)   8   9   0   0
( 0.00000000e+00,  0.00000000e+00)   0   0   0   0
